func_name,invoke_time_ms
rodinia-lavamd-4,678
rodinia-pathfinder-0,1523
rodinia-srad-1,2749
rodinia-srad-0,2796
torch_rnn-3,2880
torch_rnn-2,3664
rodinia-srad-0,3771
rodinia-needle-3,6565
rodinia-lud-2,6905
rodinia-needle-3,7344
pyhpc-eos-3,8155
squeezenet-1,8233
rodinia-pathfinder-4,9402
rodinia-needle-4,9648
rodinia-srad-0,12030
onnx-roberta-3,12434
rodinia-lud-0,12552
rodinia-srad-0,14245
rodinia-srad-1,15321
rodinia-myocyte-4,17869
onnx-roberta-4,17914
onnx-roberta-3,18205
rodinia-lud-1,19795
rodinia-lud-1,22495
cupy-0,23836
pyhpc-isoneural-3,24141
rodinia-pathfinder-0,24616
onnx-roberta-0,25617
rodinia-srad-4,25757
onnx-roberta-0,27713
rodinia-lud-4,27860
rodinia-lud-2,28155
onnx-roberta-0,28647
rodinia-needle-3,28924
rodinia-myocyte-4,30762
rodinia-pathfinder-4,31192
squeezenet-0,31366
onnx-roberta-2,34068
pyhpc-isoneural-1,34396
rodinia-srad-0,34616
pyhpc-eos-3,36137
rodinia-needle-4,38731
rodinia-lud-0,39388
rodinia-myocyte-2,42687
squeezenet-0,46000
pyhpc-isoneural-1,46586
pyhpc-isoneural-1,47155
pyhpc-isoneural-1,48346
rodinia-srad-0,49996
rodinia-lud-4,51954
rodinia-pathfinder-3,52329
rodinia-myocyte-3,53318
rodinia-lud-1,55056
pyhpc-eos-2,55364
rodinia-srad-2,55696
rodinia-pathfinder-3,56301
onnx-roberta-4,60670
rodinia-myocyte-2,61368
onnx-roberta-1,61662
rodinia-lavamd-3,63329
cupy-1,63429
squeezenet-0,63439
squeezenet-0,63839
rodinia-needle-4,65313
pyhpc-isoneural-3,65503
onnx-roberta-3,68505
pyhpc-isoneural-1,71878
rodinia-lud-0,71918
squeezenet-1,72755
pyhpc-isoneural-1,73306
rodinia-lud-4,74752
rodinia-lud-0,75779
onnx-roberta-3,76775
rodinia-srad-1,78224
cupy-0,80025
pyhpc-isoneural-3,80239
onnx-roberta-2,80585
rodinia-needle-4,84742
rodinia-srad-1,84783
torch_rnn-1,85483
onnx-roberta-2,85923
rodinia-srad-0,86136
pyhpc-isoneural-1,86482
pyhpc-eos-3,89351
pyhpc-isoneural-0,89977
squeezenet-0,90177
rodinia-lud-3,90987
pyhpc-isoneural-1,91445
onnx-roberta-3,92822
rodinia-srad-0,93379
pyhpc-isoneural-0,93820
rodinia-needle-4,95203
cupy-1,95273
pyhpc-isoneural-0,95487
cupy-1,95594
torch_rnn-0,95954
rodinia-needle-3,95978
rodinia-lavamd-1,96022
rodinia-pathfinder-0,96426
rodinia-myocyte-4,99997
cupy-1,101506
onnx-roberta-2,102543
rodinia-pathfinder-3,106432
torch_rnn-0,106503
rodinia-lud-0,108571
squeezenet-0,110909
pyhpc-eos-4,111105
squeezenet-0,112614
rodinia-pathfinder-4,112916
squeezenet-0,113003
torch_rnn-0,114718
rodinia-lavamd-2,116616
pyhpc-isoneural-0,117520
torch_rnn-1,119010
pyhpc-eos-1,121046
rodinia-srad-1,121947
rodinia-lud-3,122355
cupy-1,122711
rodinia-lud-0,123405
pyhpc-isoneural-3,123879
rodinia-lud-3,124711
rodinia-pathfinder-4,124817
onnx-roberta-2,125977
cupy-1,127989
pyhpc-isoneural-1,130702
onnx-roberta-4,130828
onnx-roberta-4,131983
rodinia-lud-0,132281
rodinia-needle-2,134050
onnx-roberta-1,134323
onnx-roberta-3,135686
pyhpc-isoneural-0,136981
pyhpc-eos-3,137069
rodinia-lud-0,138005
pyhpc-isoneural-1,138043
rodinia-lud-0,141006
pyhpc-eos-1,143887
rodinia-srad-0,145272
pyhpc-isoneural-0,149474
rodinia-lud-3,150261
pyhpc-eos-4,150870
rodinia-pathfinder-0,151174
rodinia-needle-4,153113
rodinia-srad-0,154088
rodinia-pathfinder-1,154117
rodinia-lavamd-3,154367
rodinia-needle-2,154601
rodinia-needle-2,154613
rodinia-needle-3,155441
rodinia-needle-4,155480
squeezenet-2,158050
torch_rnn-0,158469
rodinia-srad-1,160840
rodinia-pathfinder-0,161953
rodinia-myocyte-2,162905
pyhpc-isoneural-0,163738
rodinia-lud-1,165362
squeezenet-1,165957
rodinia-srad-1,166281
rodinia-lavamd-4,166650
rodinia-lavamd-3,167181
rodinia-pathfinder-3,167221
pyhpc-isoneural-0,168015
rodinia-pathfinder-4,168798
torch_rnn-1,168829
pyhpc-isoneural-1,170317
rodinia-lud-4,172093
onnx-roberta-4,172173
rodinia-lavamd-1,172601
rodinia-srad-0,176936
rodinia-lud-0,177622
cupy-1,178020
onnx-roberta-0,178646
pyhpc-eos-0,179716
rodinia-lavamd-4,182075
pyhpc-isoneural-0,182576
pyhpc-isoneural-3,183589
rodinia-myocyte-2,186360
rodinia-lud-3,187161
torch_rnn-4,187659
cupy-1,188416
rodinia-needle-4,189286
rodinia-lud-0,190047
pyhpc-eos-0,191377
rodinia-srad-1,191794
onnx-roberta-2,191885
pyhpc-eos-1,192495
rodinia-needle-3,194369
rodinia-lud-0,194417
torch_rnn-1,194423
rodinia-myocyte-4,195224
rodinia-pathfinder-4,197286
pyhpc-isoneural-1,197597
rodinia-srad-1,199386
rodinia-lud-3,200565
torch_rnn-0,201229
pyhpc-eos-1,202644
rodinia-myocyte-4,205837
rodinia-lud-0,207098
cupy-1,207930
rodinia-lud-1,208113
rodinia-myocyte-4,208550
rodinia-needle-2,210172
cupy-1,211721
onnx-roberta-1,213167
pyhpc-isoneural-3,214080
pyhpc-eos-1,214698
pyhpc-isoneural-1,215814
pyhpc-eos-3,216074
pyhpc-isoneural-1,216648
rodinia-lud-0,216855
onnx-roberta-1,218311
rodinia-pathfinder-4,218361
onnx-roberta-1,219143
pyhpc-isoneural-0,220106
onnx-roberta-0,220290
rodinia-lavamd-3,221097
rodinia-needle-3,223117
onnx-roberta-3,226562
cupy-4,226656
rodinia-srad-1,228428
rodinia-lavamd-1,228653
onnx-roberta-2,233732
rodinia-lud-1,234110
pyhpc-eos-1,234745
rodinia-needle-3,234745
pyhpc-eos-3,235778
pyhpc-isoneural-0,235915
torch_rnn-2,237761
pyhpc-eos-4,237817
rodinia-pathfinder-4,239249
rodinia-lud-1,239342
rodinia-needle-2,239695
pyhpc-eos-3,240111
pyhpc-isoneural-0,241603
pyhpc-eos-1,241974
rodinia-srad-3,242051
rodinia-needle-2,242743
rodinia-lud-3,242778
pyhpc-isoneural-0,243333
onnx-roberta-1,244141
pyhpc-isoneural-1,245354
onnx-roberta-2,245404
pyhpc-isoneural-1,245934
rodinia-srad-0,246984
cupy-4,248501
pyhpc-eos-3,249031
squeezenet-0,249200
pyhpc-isoneural-3,251213
squeezenet-0,251283
rodinia-lavamd-1,256133
rodinia-lud-0,256764
rodinia-srad-1,259555
squeezenet-1,260310
onnx-roberta-3,261300
rodinia-needle-4,262191
squeezenet-1,262279
rodinia-needle-4,263719
rodinia-lavamd-2,264463
rodinia-srad-0,265594
rodinia-needle-4,265613
squeezenet-0,268287
pyhpc-eos-3,269308
cupy-0,269523
rodinia-srad-0,269904
rodinia-needle-3,270213
squeezenet-1,270389
rodinia-lavamd-0,271795
onnx-roberta-3,273407
rodinia-lud-1,273662
pyhpc-isoneural-3,273740
rodinia-myocyte-2,274048
cupy-1,274311
cupy-1,276481
onnx-roberta-3,279350
rodinia-lud-1,280079
pyhpc-isoneural-1,280412
cupy-1,280752
rodinia-srad-3,281254
rodinia-srad-0,281921
onnx-roberta-0,284150
rodinia-lavamd-4,284778
onnx-roberta-2,285287
pyhpc-eos-1,286013
torch_rnn-1,286084
rodinia-srad-0,286116
squeezenet-1,287675
rodinia-lud-4,287708
rodinia-srad-0,288053
rodinia-srad-1,289101
rodinia-lud-1,289740
rodinia-pathfinder-1,290163
torch_rnn-1,291510
cupy-1,291838
rodinia-lavamd-3,292259
onnx-roberta-3,292524
rodinia-srad-4,292746
torch_rnn-0,294147
pyhpc-isoneural-0,295993
squeezenet-1,297333
pyhpc-isoneural-0,298335
pyhpc-eos-1,298934
pyhpc-isoneural-3,299419
onnx-roberta-1,302303
rodinia-lavamd-2,302341
onnx-roberta-2,302866
pyhpc-eos-1,303448
pyhpc-isoneural-1,303986
rodinia-needle-3,308055
rodinia-srad-4,309657
rodinia-needle-3,309738
rodinia-needle-4,313498
onnx-roberta-0,314005
rodinia-srad-2,315233
rodinia-myocyte-2,315869
onnx-roberta-1,316526
rodinia-lud-0,318217
rodinia-needle-4,318565
pyhpc-isoneural-0,319749
rodinia-lud-1,320361
rodinia-needle-3,322319
rodinia-lud-3,323060
rodinia-lavamd-1,324014
torch_rnn-1,325852
rodinia-srad-2,326122
rodinia-needle-2,326180
pyhpc-eos-1,326453
torch_rnn-4,326624
squeezenet-1,326767
pyhpc-isoneural-0,328687
rodinia-srad-4,330144
torch_rnn-4,334742
rodinia-pathfinder-3,335156
pyhpc-isoneural-0,335866
pyhpc-eos-3,339696
rodinia-lud-4,340324
squeezenet-0,342355
onnx-roberta-1,343474
rodinia-lavamd-4,347312
rodinia-lud-1,350042
pyhpc-isoneural-3,350141
pyhpc-eos-1,352969
onnx-roberta-1,357069
squeezenet-4,358693
rodinia-needle-3,360133
onnx-roberta-2,361537
rodinia-lud-3,362161
pyhpc-isoneural-3,363461
rodinia-lud-1,364339
cupy-1,366291
pyhpc-isoneural-3,366341
pyhpc-eos-3,372794
rodinia-lud-4,377600
cupy-2,377787
rodinia-myocyte-1,378500
rodinia-srad-3,378631
pyhpc-eos-3,378864
torch_rnn-1,380074
onnx-roberta-2,380643
onnx-roberta-1,381113
pyhpc-isoneural-3,381221
torch_rnn-1,383339
rodinia-lavamd-4,383775
rodinia-needle-2,384525
rodinia-srad-3,384771
rodinia-lud-0,385094
rodinia-lud-0,386303
pyhpc-isoneural-3,388065
rodinia-srad-1,388093
rodinia-lavamd-4,388498
rodinia-lud-3,388741
pyhpc-eos-1,388974
pyhpc-eos-1,389694
rodinia-needle-4,390163
rodinia-lud-3,394545
rodinia-needle-2,397434
pyhpc-isoneural-3,397719
rodinia-lud-0,398173
rodinia-srad-4,398527
onnx-roberta-1,401298
torch_rnn-0,402691
onnx-roberta-1,403539
onnx-roberta-1,404049
rodinia-needle-4,405278
pyhpc-isoneural-1,406198
torch_rnn-1,407515
pyhpc-isoneural-1,407734
rodinia-needle-4,408269
onnx-roberta-3,408358
pyhpc-eos-3,408895
onnx-roberta-3,410851
rodinia-lud-4,412070
rodinia-lavamd-4,413018
rodinia-srad-1,415109
pyhpc-eos-1,415257
onnx-roberta-2,416970
rodinia-lud-3,418671
rodinia-needle-2,418946
cupy-4,420101
rodinia-needle-2,420549
rodinia-needle-4,421368
rodinia-needle-3,424599
pyhpc-isoneural-0,425046
pyhpc-isoneural-3,425142
pyhpc-eos-4,425942
rodinia-srad-1,429112
rodinia-lud-1,430427
onnx-roberta-0,430684
rodinia-lavamd-3,430708
torch_rnn-0,431144
rodinia-needle-2,431641
rodinia-srad-1,431997
rodinia-lud-0,433128
onnx-roberta-0,433798
rodinia-lud-4,434734
pyhpc-isoneural-0,435287
squeezenet-0,436382
pyhpc-isoneural-0,436444
pyhpc-eos-4,436446
rodinia-pathfinder-4,437021
rodinia-lud-3,437417
cupy-0,439365
torch_rnn-2,439524
onnx-roberta-2,441055
rodinia-lavamd-3,441905
rodinia-needle-4,442278
rodinia-lud-1,443124
rodinia-pathfinder-3,443451
rodinia-lavamd-2,444583
rodinia-needle-3,444681
rodinia-lud-4,447121
torch_rnn-0,448435
pyhpc-isoneural-1,449284
torch_rnn-0,449354
rodinia-lud-0,449864
torch_rnn-2,451419
squeezenet-0,452294
rodinia-myocyte-1,453057
squeezenet-0,454262
rodinia-srad-0,455437
pyhpc-eos-1,456960
pyhpc-isoneural-0,458425
rodinia-srad-0,459336
rodinia-lud-0,460834
pyhpc-isoneural-3,461146
rodinia-srad-1,461172
rodinia-srad-0,461591
onnx-roberta-2,461629
pyhpc-isoneural-1,464636
onnx-roberta-2,465527
rodinia-pathfinder-4,467905
onnx-roberta-2,467963
onnx-roberta-2,471888
squeezenet-0,475240
rodinia-lavamd-3,476488
rodinia-pathfinder-4,477821
rodinia-myocyte-2,480104
squeezenet-1,480415
onnx-roberta-2,481779
rodinia-pathfinder-4,482282
rodinia-pathfinder-4,484334
rodinia-lud-1,485297
torch_rnn-3,486114
rodinia-lud-0,487468
pyhpc-isoneural-3,488533
rodinia-srad-1,488781
rodinia-lud-3,491747
rodinia-needle-2,493684
rodinia-srad-4,495440
onnx-roberta-3,496171
pyhpc-eos-0,496508
rodinia-needle-2,496970
onnx-roberta-2,499119
rodinia-needle-3,499365
pyhpc-isoneural-0,501580
pyhpc-isoneural-0,502672
rodinia-lud-2,503205
rodinia-needle-4,503259
rodinia-lavamd-2,505402
rodinia-lud-4,505690
rodinia-lud-4,508812
rodinia-myocyte-2,509122
rodinia-srad-0,509576
onnx-roberta-1,510045
torch_rnn-0,510672
squeezenet-1,510680
squeezenet-2,511947
rodinia-lavamd-0,512909
rodinia-pathfinder-3,514949
rodinia-lavamd-2,515657
rodinia-lud-4,516047
squeezenet-1,517066
rodinia-myocyte-3,518583
torch_rnn-0,519167
onnx-roberta-0,521305
rodinia-myocyte-4,522311
rodinia-srad-1,523738
rodinia-myocyte-2,523965
cupy-1,524246
rodinia-needle-4,525760
cupy-1,525850
rodinia-lud-1,526094
pyhpc-isoneural-3,529495
rodinia-srad-0,529973
onnx-roberta-0,530386
pyhpc-isoneural-0,532644
rodinia-needle-2,533438
squeezenet-2,534285
rodinia-lud-3,535024
onnx-roberta-1,535239
onnx-roberta-1,536578
cupy-1,537715
rodinia-needle-2,537918
squeezenet-1,537932
rodinia-lavamd-4,537944
torch_rnn-0,538774
rodinia-lud-4,539451
rodinia-lud-0,539888
onnx-roberta-3,543517
squeezenet-0,544068
rodinia-lud-1,544296
rodinia-srad-4,546305
rodinia-lavamd-4,547330
rodinia-lud-0,547791
rodinia-lavamd-4,548414
pyhpc-isoneural-0,548557
onnx-roberta-0,551952
rodinia-myocyte-4,553055
rodinia-lud-3,554126
squeezenet-1,555648
rodinia-lud-1,555770
torch_rnn-1,557007
onnx-roberta-2,558224
onnx-roberta-1,559051
rodinia-srad-0,559511
pyhpc-isoneural-0,559884
onnx-roberta-0,559926
cupy-4,560821
rodinia-myocyte-1,561336
rodinia-lud-1,562341
rodinia-pathfinder-3,563016
cupy-1,563297
rodinia-lavamd-2,563911
rodinia-pathfinder-4,565332
pyhpc-isoneural-0,568053
rodinia-lavamd-1,568078
rodinia-lud-0,569074
pyhpc-isoneural-1,569937
rodinia-lud-1,570127
rodinia-lud-3,571792
rodinia-lavamd-3,572336
squeezenet-1,574378
cupy-2,575503
rodinia-srad-1,575579
rodinia-srad-0,575706
rodinia-needle-2,577650
rodinia-srad-1,578024
pyhpc-isoneural-0,578730
rodinia-pathfinder-4,581217
pyhpc-isoneural-3,582781
pyhpc-isoneural-1,583870
torch_rnn-0,584451
rodinia-pathfinder-4,584471
torch_rnn-3,586133
rodinia-lud-4,587327
rodinia-myocyte-4,587562
rodinia-pathfinder-3,589598
rodinia-lud-0,589603
rodinia-pathfinder-4,591764
rodinia-srad-1,592431
pyhpc-isoneural-3,597294
cupy-1,597450
onnx-roberta-3,597460
cupy-1,600716
squeezenet-0,605986
pyhpc-isoneural-3,608185
rodinia-lud-1,608484
onnx-roberta-1,609389
onnx-roberta-1,610698
rodinia-needle-4,611222
rodinia-lavamd-1,611634
rodinia-myocyte-2,611998
rodinia-lavamd-3,612488
rodinia-needle-3,613472
pyhpc-isoneural-3,613481
rodinia-pathfinder-4,615303
rodinia-lud-1,616892
rodinia-srad-1,617214
pyhpc-eos-4,617517
pyhpc-isoneural-1,618097
rodinia-needle-2,618570
rodinia-pathfinder-4,619424
pyhpc-isoneural-0,619473
rodinia-myocyte-4,620167
cupy-4,621921
rodinia-lavamd-3,622045
rodinia-lud-0,622824
rodinia-pathfinder-4,624547
rodinia-lavamd-3,626404
onnx-roberta-2,626499
rodinia-srad-0,628079
rodinia-lud-0,628963
rodinia-srad-1,629431
pyhpc-eos-0,629829
pyhpc-isoneural-3,630361
rodinia-pathfinder-4,631233
pyhpc-isoneural-1,631442
pyhpc-isoneural-0,631729
pyhpc-isoneural-0,632482
rodinia-needle-3,633845
squeezenet-1,635122
pyhpc-isoneural-1,635363
rodinia-lavamd-2,635403
pyhpc-isoneural-3,637794
rodinia-needle-3,637970
rodinia-pathfinder-2,639440
rodinia-srad-1,639625
rodinia-lavamd-4,643282
pyhpc-eos-1,643475
rodinia-srad-4,643911
pyhpc-isoneural-1,644169
rodinia-needle-4,644781
pyhpc-isoneural-0,645938
rodinia-lavamd-3,646187
cupy-1,647712
torch_rnn-1,647950
squeezenet-4,648844
onnx-roberta-3,648863
rodinia-srad-0,649732
rodinia-lavamd-1,649862
rodinia-needle-2,650434
pyhpc-isoneural-3,650657
rodinia-pathfinder-4,651065
rodinia-pathfinder-4,652003
rodinia-lud-3,655110
pyhpc-isoneural-0,656566
pyhpc-eos-1,656673
rodinia-lud-2,657691
cupy-1,659625
rodinia-needle-4,660224
rodinia-lud-4,660439
rodinia-pathfinder-4,660645
squeezenet-1,660745
pyhpc-isoneural-1,660877
rodinia-lud-1,661385
pyhpc-eos-3,665894
rodinia-needle-4,666313
onnx-roberta-2,667155
rodinia-needle-3,667666
rodinia-lud-0,669739
pyhpc-eos-1,670314
rodinia-needle-3,673433
onnx-roberta-4,674084
rodinia-myocyte-4,674215
pyhpc-eos-2,674247
rodinia-needle-2,674713
rodinia-lud-1,676107
pyhpc-eos-1,677619
rodinia-myocyte-4,679195
rodinia-myocyte-4,679278
squeezenet-1,679296
cupy-4,680047
pyhpc-isoneural-0,680780
rodinia-srad-3,681179
pyhpc-eos-1,682373
rodinia-lavamd-3,683214
rodinia-needle-3,683695
rodinia-lud-0,687798
cupy-1,689139
rodinia-srad-1,690721
pyhpc-isoneural-0,690936
rodinia-lavamd-4,691375
pyhpc-isoneural-1,692307
rodinia-lavamd-3,694604
onnx-roberta-1,695523
rodinia-pathfinder-4,697963
squeezenet-0,698416
rodinia-lavamd-0,700261
rodinia-lud-0,702022
onnx-roberta-3,702515
squeezenet-1,702771
onnx-roberta-2,703374
rodinia-lavamd-1,703523
rodinia-lud-4,705166
onnx-roberta-3,707908
onnx-roberta-0,708461
torch_rnn-0,708700
rodinia-pathfinder-3,709224
pyhpc-isoneural-1,709484
rodinia-lud-0,712236
rodinia-srad-0,712459
rodinia-pathfinder-4,712742
onnx-roberta-2,715723
rodinia-lud-1,715983
rodinia-lud-1,716014
torch_rnn-0,716022
rodinia-myocyte-2,717357
rodinia-lud-0,718116
torch_rnn-1,718221
rodinia-needle-4,724535
rodinia-pathfinder-3,726771
rodinia-lud-3,729170
rodinia-lud-1,730961
pyhpc-isoneural-3,731765
rodinia-lud-1,732055
rodinia-srad-0,733362
pyhpc-eos-0,733755
rodinia-lud-0,734858
pyhpc-isoneural-0,735264
onnx-roberta-3,735492
onnx-roberta-4,735747
pyhpc-isoneural-1,736366
onnx-roberta-2,736419
rodinia-lud-4,736956
rodinia-needle-3,738229
rodinia-myocyte-2,739196
pyhpc-isoneural-3,740037
rodinia-srad-2,740083
rodinia-lud-3,740102
rodinia-lud-3,741816
rodinia-lud-3,742434
onnx-roberta-3,742951
pyhpc-isoneural-1,743171
squeezenet-1,743425
squeezenet-1,743427
rodinia-needle-3,744238
rodinia-srad-4,744535
pyhpc-isoneural-0,746053
rodinia-needle-4,746264
rodinia-lavamd-3,747388
squeezenet-0,749942
rodinia-lud-0,751179
pyhpc-isoneural-0,752441
rodinia-lavamd-4,754648
rodinia-needle-2,754922
rodinia-lud-1,756628
rodinia-lud-0,759001
rodinia-needle-4,759241
rodinia-lud-1,761033
rodinia-myocyte-4,761654
rodinia-lud-4,762668
onnx-roberta-1,762691
rodinia-pathfinder-0,765947
rodinia-needle-4,766326
rodinia-needle-3,768857
onnx-roberta-3,769665
rodinia-srad-2,770064
rodinia-needle-4,772417
rodinia-lud-1,773679
rodinia-myocyte-2,775151
rodinia-lud-2,776968
pyhpc-eos-3,777561
torch_rnn-1,778248
rodinia-pathfinder-3,779161
rodinia-srad-4,779313
rodinia-needle-2,780521
onnx-roberta-0,781244
rodinia-pathfinder-4,782132
pyhpc-isoneural-3,782133
onnx-roberta-3,783650
rodinia-myocyte-2,785778
rodinia-lud-2,786142
pyhpc-eos-3,787666
rodinia-lavamd-1,787719
torch_rnn-2,789123
rodinia-needle-4,789147
rodinia-lavamd-1,789714
rodinia-lud-0,790020
onnx-roberta-2,791162
pyhpc-isoneural-0,791963
torch_rnn-2,792040
rodinia-srad-1,793285
rodinia-srad-2,793649
rodinia-lud-4,793896
rodinia-srad-0,794627
rodinia-pathfinder-3,796060
cupy-1,796446
rodinia-lud-4,796611
rodinia-myocyte-0,796679
onnx-roberta-0,796903
cupy-1,798078
onnx-roberta-2,798241
rodinia-srad-1,798720
rodinia-lud-1,802656
rodinia-srad-4,806546
rodinia-lud-0,806846
cupy-1,807956
rodinia-srad-1,810164
pyhpc-isoneural-0,810280
squeezenet-0,810472
cupy-4,810795
rodinia-lud-2,811730
rodinia-needle-4,812005
cupy-1,813047
onnx-roberta-1,813058
cupy-1,814298
rodinia-srad-4,815169
rodinia-pathfinder-3,816879
pyhpc-isoneural-1,820355
torch_rnn-0,823110
onnx-roberta-0,823638
rodinia-srad-0,824131
rodinia-pathfinder-4,826164
torch_rnn-3,826550
torch_rnn-0,827342
pyhpc-isoneural-0,827414
onnx-roberta-1,829193
rodinia-myocyte-4,829402
onnx-roberta-0,830312
onnx-roberta-1,835362
rodinia-lavamd-3,836882
rodinia-myocyte-4,837207
rodinia-pathfinder-3,837304
squeezenet-0,837612
squeezenet-1,838287
rodinia-srad-1,841347
pyhpc-eos-0,841719
rodinia-pathfinder-3,842806
rodinia-needle-3,843265
rodinia-myocyte-4,843712
rodinia-lavamd-1,846234
rodinia-lud-0,846686
rodinia-lud-2,847242
rodinia-myocyte-2,847417
rodinia-pathfinder-4,847540
rodinia-lud-1,853820
rodinia-lud-1,854466
onnx-roberta-0,855028
onnx-roberta-1,856351
pyhpc-isoneural-1,860879
rodinia-myocyte-3,861388
onnx-roberta-3,863080
rodinia-lud-4,863336
pyhpc-isoneural-1,865006
rodinia-needle-3,865621
rodinia-pathfinder-0,865739
rodinia-pathfinder-4,866459
pyhpc-eos-0,866481
rodinia-srad-1,866700
pyhpc-isoneural-1,866715
onnx-roberta-1,867087
onnx-roberta-1,867637
pyhpc-isoneural-0,869659
rodinia-myocyte-2,870177
rodinia-lud-1,871613
pyhpc-isoneural-1,872150
pyhpc-eos-0,872889
rodinia-lud-4,873236
rodinia-srad-3,874107
onnx-roberta-2,874220
squeezenet-0,874969
rodinia-srad-0,876413
pyhpc-isoneural-1,878420
rodinia-lud-4,879043
rodinia-lud-0,881430
rodinia-lud-3,882926
squeezenet-0,885572
rodinia-lud-4,889063
rodinia-myocyte-4,890659
rodinia-srad-1,891469
rodinia-lud-4,891617
cupy-2,891823
squeezenet-1,891826
torch_rnn-2,893050
pyhpc-isoneural-0,895039
rodinia-myocyte-1,896209
rodinia-lavamd-3,898049
onnx-roberta-0,898384
cupy-4,898692
pyhpc-isoneural-3,898941
rodinia-lavamd-4,899937
torch_rnn-1,901741
squeezenet-0,903457
rodinia-lavamd-1,905125
rodinia-lavamd-4,905531
cupy-1,905570
rodinia-myocyte-4,906019
rodinia-needle-2,906349
pyhpc-eos-1,906470
rodinia-needle-3,907260
onnx-roberta-0,910557
pyhpc-eos-1,911358
rodinia-needle-3,911582
pyhpc-isoneural-0,911800
pyhpc-eos-1,912073
rodinia-lud-4,912261
pyhpc-isoneural-1,914626
pyhpc-isoneural-3,914761
cupy-4,915069
rodinia-lud-4,915207
torch_rnn-0,915463
rodinia-lavamd-4,916850
pyhpc-eos-3,917418
onnx-roberta-1,919715
rodinia-needle-4,921496
onnx-roberta-0,922149
torch_rnn-1,922332
torch_rnn-0,923078
pyhpc-isoneural-1,923427
rodinia-pathfinder-4,923498
rodinia-pathfinder-4,926627
cupy-1,928940
squeezenet-0,929205
squeezenet-0,930620
rodinia-needle-4,933587
rodinia-lavamd-4,933821
squeezenet-0,934345
rodinia-lud-1,938093
pyhpc-isoneural-1,938651
pyhpc-isoneural-1,940040
rodinia-needle-3,940346
onnx-roberta-1,940981
rodinia-srad-0,941790
rodinia-pathfinder-0,942834
rodinia-lud-3,942891
onnx-roberta-0,942958
rodinia-pathfinder-4,943091
torch_rnn-0,944398
squeezenet-1,944939
pyhpc-isoneural-3,947766
rodinia-lavamd-4,947909
pyhpc-isoneural-3,948257
rodinia-pathfinder-3,948653
pyhpc-isoneural-3,952404
squeezenet-0,952982
rodinia-lud-0,953410
onnx-roberta-0,953764
onnx-roberta-0,953874
rodinia-lud-4,953894
pyhpc-isoneural-0,954506
rodinia-lavamd-3,954621
rodinia-srad-1,954799
rodinia-myocyte-4,955742
pyhpc-eos-3,956202
pyhpc-eos-1,956434
rodinia-lud-3,956936
rodinia-pathfinder-3,957813
rodinia-lavamd-1,958134
rodinia-pathfinder-0,958255
rodinia-lud-4,960321
rodinia-srad-1,961713
onnx-roberta-1,963518
rodinia-srad-1,964595
cupy-4,964626
rodinia-lud-4,966167
torch_rnn-1,966249
cupy-1,968290
rodinia-srad-2,968492
onnx-roberta-1,970007
torch_rnn-0,972214
cupy-1,972413
rodinia-myocyte-4,973226
rodinia-lud-4,973873
rodinia-needle-4,975287
squeezenet-1,976893
squeezenet-2,978387
squeezenet-1,978515
rodinia-needle-4,979297
onnx-roberta-4,979723
cupy-1,981167
squeezenet-0,986164
pyhpc-eos-4,986500
rodinia-needle-2,986764
pyhpc-eos-1,987193
pyhpc-eos-1,987595
onnx-roberta-3,988207
rodinia-lavamd-4,988210
torch_rnn-2,991232
pyhpc-isoneural-2,993048
rodinia-needle-3,994428
onnx-roberta-0,995410
torch_rnn-1,995615
rodinia-pathfinder-4,995810
rodinia-lud-1,997568
rodinia-myocyte-4,997678
pyhpc-isoneural-3,998407
onnx-roberta-0,998505
rodinia-srad-0,999764
torch_rnn-2,1000234
squeezenet-1,1002826
onnx-roberta-1,1004338
rodinia-lud-0,1004588
rodinia-lavamd-1,1005635
rodinia-lud-0,1007595
cupy-1,1008446
rodinia-myocyte-2,1008448
cupy-0,1009340
rodinia-lavamd-2,1009608
rodinia-lavamd-3,1010302
squeezenet-0,1010398
rodinia-needle-4,1011826
rodinia-myocyte-2,1013028
onnx-roberta-0,1015394
rodinia-lavamd-1,1015795
onnx-roberta-1,1017167
rodinia-lud-1,1018326
rodinia-lud-0,1018613
pyhpc-isoneural-3,1021184
torch_rnn-1,1021573
rodinia-needle-3,1022329
rodinia-lud-4,1023572
onnx-roberta-1,1025864
rodinia-srad-1,1030072
rodinia-needle-3,1030187
torch_rnn-2,1031425
rodinia-needle-2,1031694
cupy-1,1034102
rodinia-needle-3,1034492
pyhpc-isoneural-0,1035293
rodinia-pathfinder-4,1035354
pyhpc-isoneural-3,1035857
onnx-roberta-3,1036571
pyhpc-eos-1,1039023
rodinia-lud-0,1039632
pyhpc-isoneural-3,1039693
rodinia-lavamd-2,1040142
rodinia-lud-0,1040982
rodinia-pathfinder-0,1043089
rodinia-lud-4,1043923
rodinia-lud-1,1044974
pyhpc-isoneural-0,1045297
onnx-roberta-0,1046281
pyhpc-eos-1,1046757
rodinia-myocyte-4,1047650
torch_rnn-1,1049099
pyhpc-isoneural-0,1049574
cupy-1,1050172
onnx-roberta-2,1051769
pyhpc-eos-1,1051952
torch_rnn-1,1054730
pyhpc-isoneural-3,1058933
rodinia-srad-0,1060655
rodinia-needle-3,1061007
onnx-roberta-0,1061247
rodinia-pathfinder-4,1064044
onnx-roberta-4,1066780
rodinia-srad-0,1067786
pyhpc-isoneural-0,1068278
rodinia-srad-4,1068495
pyhpc-isoneural-3,1069002
rodinia-lud-4,1070085
pyhpc-eos-1,1070133
rodinia-lud-0,1071770
onnx-roberta-1,1072049
rodinia-lavamd-2,1072259
torch_rnn-1,1072498
onnx-roberta-0,1073160
pyhpc-eos-3,1073160
pyhpc-isoneural-1,1074647
cupy-4,1076023
squeezenet-0,1076876
torch_rnn-4,1077308
rodinia-needle-4,1077678
onnx-roberta-3,1077870
rodinia-needle-3,1078871
rodinia-needle-4,1080203
rodinia-needle-4,1082262
rodinia-srad-2,1083354
torch_rnn-0,1084460
cupy-1,1086150
pyhpc-eos-3,1087489
rodinia-srad-4,1087698
torch_rnn-4,1089740
pyhpc-isoneural-0,1090708
rodinia-myocyte-4,1092794
rodinia-needle-4,1092894
rodinia-lud-2,1092996
onnx-roberta-4,1093122
rodinia-needle-4,1093760
rodinia-myocyte-2,1094165
rodinia-lavamd-4,1095395
onnx-roberta-1,1096096
rodinia-pathfinder-4,1097353
rodinia-lud-0,1099848
pyhpc-isoneural-0,1102220
squeezenet-2,1105190
rodinia-srad-0,1105826
rodinia-lud-1,1107792
torch_rnn-1,1110032
onnx-roberta-2,1111538
squeezenet-0,1113219
rodinia-pathfinder-0,1116752
onnx-roberta-4,1118482
rodinia-pathfinder-3,1119082
rodinia-pathfinder-4,1119366
rodinia-lud-1,1119981
rodinia-srad-1,1121173
rodinia-srad-0,1124449
rodinia-lud-4,1124596
rodinia-needle-3,1124903
rodinia-srad-4,1125445
rodinia-pathfinder-4,1125800
rodinia-needle-4,1128245
onnx-roberta-3,1129520
pyhpc-eos-2,1129989
rodinia-lud-3,1131106
rodinia-myocyte-4,1132099
pyhpc-eos-3,1132716
pyhpc-isoneural-3,1132736
rodinia-myocyte-1,1133237
rodinia-pathfinder-0,1133449
rodinia-needle-4,1134318
rodinia-myocyte-4,1135638
onnx-roberta-1,1135909
onnx-roberta-0,1136608
squeezenet-0,1136681
rodinia-needle-4,1137727
rodinia-myocyte-4,1138025
rodinia-myocyte-4,1138720
pyhpc-eos-1,1139133
pyhpc-isoneural-0,1140017
torch_rnn-1,1140313
onnx-roberta-2,1141353
rodinia-pathfinder-4,1141469
onnx-roberta-0,1141737
pyhpc-isoneural-3,1144142
rodinia-srad-0,1144533
rodinia-lavamd-0,1148972
rodinia-lud-2,1149606
rodinia-needle-4,1150622
pyhpc-isoneural-3,1152352
onnx-roberta-3,1153219
rodinia-srad-4,1158537
torch_rnn-0,1159671
rodinia-needle-3,1160241
rodinia-pathfinder-0,1164787
pyhpc-eos-3,1166133
rodinia-srad-1,1168115
rodinia-srad-0,1170958
rodinia-myocyte-1,1172493
onnx-roberta-1,1172677
torch_rnn-0,1172916
rodinia-lavamd-2,1175448
rodinia-myocyte-2,1176525
rodinia-needle-3,1180360
onnx-roberta-2,1180718
onnx-roberta-2,1183791
rodinia-lud-4,1185031
pyhpc-isoneural-3,1185173
rodinia-srad-0,1186541
onnx-roberta-2,1187489
rodinia-needle-2,1189583
rodinia-lavamd-4,1190246
pyhpc-isoneural-0,1190606
onnx-roberta-2,1191878
rodinia-srad-0,1192093
rodinia-needle-2,1193987
rodinia-lud-4,1194307
rodinia-myocyte-2,1194656
rodinia-lud-3,1195128
onnx-roberta-1,1196450
pyhpc-eos-1,1196468
torch_rnn-0,1196614
torch_rnn-2,1198823
rodinia-myocyte-4,1200281
pyhpc-eos-1,1201574
pyhpc-eos-4,1202072
squeezenet-1,1206046
rodinia-lud-0,1206182
torch_rnn-1,1206445
rodinia-srad-4,1207632
squeezenet-2,1209167
pyhpc-isoneural-0,1210838
pyhpc-isoneural-1,1211768
rodinia-lud-4,1212463
rodinia-lavamd-1,1213424
rodinia-pathfinder-4,1214252
cupy-1,1216332
pyhpc-isoneural-3,1217862
squeezenet-1,1218738
rodinia-srad-4,1219309
rodinia-lud-1,1223180
cupy-1,1223715
rodinia-lud-3,1224108
rodinia-needle-4,1224218
rodinia-srad-0,1224496
rodinia-lud-4,1224907
rodinia-needle-4,1225474
torch_rnn-1,1225552
onnx-roberta-1,1226677
rodinia-pathfinder-3,1226710
pyhpc-eos-3,1228264
rodinia-lud-1,1229085
onnx-roberta-3,1230766
rodinia-lud-4,1231707
onnx-roberta-2,1232582
squeezenet-1,1236435
pyhpc-eos-1,1237381
pyhpc-isoneural-0,1238349
torch_rnn-0,1239494
rodinia-lud-4,1240506
rodinia-myocyte-2,1241823
pyhpc-isoneural-1,1243116
rodinia-myocyte-2,1243471
rodinia-myocyte-2,1245135
torch_rnn-1,1245144
rodinia-srad-4,1245233
rodinia-lud-3,1245949
rodinia-srad-0,1249123
squeezenet-0,1249475
onnx-roberta-1,1250164
rodinia-lud-3,1251493
squeezenet-1,1253215
rodinia-needle-4,1254327
cupy-1,1254722
pyhpc-eos-1,1254989
onnx-roberta-2,1256662
pyhpc-eos-1,1259006
rodinia-pathfinder-0,1259705
cupy-1,1260180
pyhpc-isoneural-0,1261364
squeezenet-0,1263962
onnx-roberta-1,1265362
rodinia-lavamd-4,1265973
rodinia-pathfinder-4,1266471
squeezenet-1,1269874
onnx-roberta-2,1271453
onnx-roberta-2,1271710
torch_rnn-0,1272110
onnx-roberta-3,1274178
rodinia-srad-1,1274819
pyhpc-isoneural-0,1277254
rodinia-pathfinder-4,1280326
onnx-roberta-2,1280345
onnx-roberta-2,1281010
cupy-1,1281833
rodinia-srad-4,1282493
rodinia-needle-4,1285393
rodinia-lavamd-1,1285905
onnx-roberta-0,1286214
onnx-roberta-0,1286823
pyhpc-isoneural-1,1286909
rodinia-srad-3,1287983
rodinia-lud-3,1288107
rodinia-lud-3,1289860
rodinia-lud-3,1290489
onnx-roberta-1,1290785
torch_rnn-0,1291076
rodinia-needle-2,1291436
rodinia-lavamd-3,1294616
squeezenet-1,1297079
cupy-1,1297615
cupy-1,1297860
rodinia-needle-4,1298595
pyhpc-eos-1,1300510
onnx-roberta-1,1301521
onnx-roberta-1,1302163
pyhpc-eos-3,1302455
rodinia-lud-2,1302528
squeezenet-1,1303412
rodinia-needle-4,1307001
rodinia-srad-0,1307978
squeezenet-2,1308076
cupy-1,1308581
rodinia-myocyte-4,1309103
cupy-1,1309377
onnx-roberta-0,1309581
pyhpc-isoneural-0,1310329
squeezenet-2,1311011
torch_rnn-0,1311116
rodinia-lud-4,1313504
rodinia-lud-3,1314232
rodinia-needle-2,1314548
pyhpc-eos-4,1314842
onnx-roberta-4,1316387
rodinia-needle-4,1317835
pyhpc-eos-3,1318047
torch_rnn-0,1318549
pyhpc-isoneural-3,1319609
rodinia-needle-4,1320349
torch_rnn-2,1323182
squeezenet-1,1325746
squeezenet-1,1325912
onnx-roberta-3,1325922
rodinia-pathfinder-4,1326257
onnx-roberta-0,1328392
onnx-roberta-1,1329012
cupy-1,1330018
rodinia-lud-0,1331162
pyhpc-isoneural-1,1331402
pyhpc-isoneural-3,1332029
onnx-roberta-3,1332107
rodinia-myocyte-2,1332491
rodinia-needle-3,1333053
squeezenet-0,1334086
rodinia-needle-3,1335273
rodinia-lavamd-2,1335581
torch_rnn-1,1337951
torch_rnn-1,1338801
pyhpc-eos-1,1340540
rodinia-needle-3,1340721
rodinia-lud-0,1341138
pyhpc-isoneural-0,1341647
rodinia-pathfinder-0,1344199
squeezenet-0,1344432
rodinia-lavamd-4,1345236
rodinia-lavamd-4,1345256
rodinia-needle-2,1346082
rodinia-srad-4,1348101
cupy-1,1348680
torch_rnn-1,1348819
rodinia-lavamd-2,1349428
squeezenet-0,1352005
rodinia-lud-3,1352068
onnx-roberta-1,1355434
rodinia-needle-4,1360339
onnx-roberta-3,1360527
rodinia-lud-3,1361241
rodinia-lavamd-4,1362207
pyhpc-isoneural-1,1363410
squeezenet-1,1363505
rodinia-srad-1,1363853
rodinia-needle-2,1368322
rodinia-lud-3,1368367
rodinia-needle-4,1369812
rodinia-srad-1,1370351
squeezenet-0,1372686
pyhpc-eos-3,1372869
squeezenet-4,1374674
onnx-roberta-1,1375221
onnx-roberta-1,1375501
onnx-roberta-3,1377029
cupy-1,1377450
rodinia-myocyte-2,1380983
pyhpc-eos-1,1383030
torch_rnn-1,1383315
rodinia-pathfinder-4,1384075
squeezenet-1,1385425
cupy-1,1388089
onnx-roberta-1,1388748
squeezenet-0,1388840
rodinia-needle-4,1388880
onnx-roberta-3,1391093
rodinia-lud-0,1391253
squeezenet-2,1391295
rodinia-srad-4,1391446
rodinia-needle-4,1393942
torch_rnn-0,1396803
rodinia-needle-3,1396897
pyhpc-isoneural-0,1399656
pyhpc-isoneural-1,1399927
rodinia-lud-0,1401718
pyhpc-isoneural-0,1402631
cupy-1,1402643
rodinia-lud-1,1402940
rodinia-lud-1,1404483
pyhpc-isoneural-1,1405613
rodinia-myocyte-2,1405995
rodinia-lud-3,1406447
rodinia-needle-3,1409343
onnx-roberta-4,1409417
rodinia-needle-3,1410056
onnx-roberta-2,1410558
rodinia-lud-4,1411328
rodinia-pathfinder-3,1411677
onnx-roberta-3,1411721
torch_rnn-0,1412204
rodinia-myocyte-2,1414708
rodinia-lavamd-2,1415396
rodinia-needle-2,1418560
rodinia-lud-3,1418708
cupy-4,1418719
rodinia-pathfinder-0,1420132
rodinia-srad-4,1421310
rodinia-lud-4,1422093
rodinia-needle-2,1423251
rodinia-pathfinder-0,1423857
rodinia-needle-4,1425844
rodinia-needle-4,1426353
rodinia-srad-2,1426880
pyhpc-isoneural-3,1427571
rodinia-lavamd-2,1430819
rodinia-needle-4,1430821
rodinia-pathfinder-4,1431955
pyhpc-eos-0,1432183
rodinia-myocyte-4,1433033
pyhpc-eos-2,1435640
cupy-1,1436085
pyhpc-isoneural-0,1436486
rodinia-pathfinder-4,1438066
rodinia-needle-2,1440667
rodinia-needle-4,1441552
pyhpc-isoneural-0,1441924
torch_rnn-1,1445151
rodinia-lavamd-1,1446247
squeezenet-0,1446437
pyhpc-eos-0,1446445
rodinia-srad-1,1448903
rodinia-srad-0,1449781
torch_rnn-0,1450251
rodinia-lud-0,1451455
pyhpc-isoneural-0,1451611
rodinia-lavamd-4,1451898
rodinia-myocyte-4,1456065
rodinia-lavamd-4,1456545
pyhpc-isoneural-0,1456599
rodinia-needle-2,1458055
rodinia-myocyte-2,1459016
cupy-4,1459332
torch_rnn-0,1461127
onnx-roberta-0,1461628
rodinia-needle-3,1462880
rodinia-needle-2,1464995
rodinia-srad-2,1467322
pyhpc-eos-1,1467416
rodinia-srad-3,1467629
rodinia-needle-2,1467823
squeezenet-1,1468053
rodinia-myocyte-2,1468229
squeezenet-4,1471315
rodinia-needle-4,1472492
rodinia-myocyte-2,1472533
rodinia-srad-4,1472990
rodinia-needle-3,1475151
rodinia-lud-3,1475590
cupy-4,1476031
rodinia-pathfinder-4,1479582
rodinia-needle-4,1480878
rodinia-pathfinder-4,1481706
onnx-roberta-0,1481892
rodinia-lud-0,1483813
rodinia-lud-0,1483956
rodinia-lud-0,1484582
onnx-roberta-0,1487101
rodinia-pathfinder-3,1487277
squeezenet-2,1489613
pyhpc-eos-1,1490831
rodinia-pathfinder-3,1491868
rodinia-pathfinder-4,1491970
rodinia-srad-1,1492436
rodinia-pathfinder-0,1493374
onnx-roberta-1,1494307
rodinia-needle-2,1494375
rodinia-needle-2,1494585
onnx-roberta-2,1494834
squeezenet-1,1495479
rodinia-lud-3,1498024
rodinia-srad-2,1498200
pyhpc-eos-1,1500165
rodinia-myocyte-3,1500854
onnx-roberta-3,1503095
rodinia-srad-1,1503710
onnx-roberta-2,1504719
rodinia-lavamd-1,1506034
rodinia-lavamd-3,1506500
rodinia-srad-4,1509612
cupy-1,1510611
cupy-1,1510859
rodinia-pathfinder-4,1511130
rodinia-pathfinder-3,1513982
rodinia-needle-4,1517166
rodinia-lud-2,1518402
squeezenet-0,1519731
cupy-1,1519796
pyhpc-isoneural-3,1521111
rodinia-srad-4,1522691
pyhpc-eos-1,1522829
cupy-0,1523253
rodinia-srad-0,1524370
torch_rnn-1,1524821
pyhpc-eos-2,1528978
pyhpc-isoneural-3,1529663
rodinia-myocyte-4,1530710
rodinia-myocyte-4,1531172
rodinia-lud-3,1532263
rodinia-srad-1,1534178
pyhpc-isoneural-0,1535465
rodinia-lud-0,1537032
pyhpc-eos-0,1539428
torch_rnn-0,1541357
rodinia-lavamd-3,1547465
rodinia-myocyte-2,1548728
rodinia-lavamd-2,1550789
rodinia-lud-3,1550990
rodinia-needle-2,1551967
onnx-roberta-2,1553146
pyhpc-isoneural-1,1555281
rodinia-lud-4,1556282
onnx-roberta-0,1557187
rodinia-needle-4,1557581
rodinia-needle-4,1563424
pyhpc-isoneural-1,1569445
pyhpc-eos-3,1570194
torch_rnn-2,1571849
rodinia-needle-2,1573088
rodinia-needle-3,1573358
rodinia-lud-3,1574984
rodinia-lud-4,1575129
rodinia-srad-3,1575231
torch_rnn-0,1575568
rodinia-needle-3,1576753
rodinia-needle-2,1577855
onnx-roberta-3,1578175
rodinia-lud-0,1578182
onnx-roberta-2,1581725
pyhpc-isoneural-0,1582615
rodinia-needle-2,1583164
rodinia-needle-2,1583231
onnx-roberta-1,1583259
torch_rnn-0,1583581
pyhpc-eos-2,1584910
pyhpc-isoneural-1,1585383
rodinia-myocyte-4,1586743
rodinia-needle-3,1586923
torch_rnn-1,1587269
torch_rnn-2,1588070
rodinia-lud-0,1588080
rodinia-needle-2,1588836
rodinia-lavamd-2,1589230
onnx-roberta-0,1589876
rodinia-srad-0,1590721
rodinia-lud-0,1591431
torch_rnn-1,1592034
rodinia-lud-4,1593317
rodinia-lavamd-4,1594082
rodinia-lavamd-4,1595353
rodinia-lavamd-4,1596159
squeezenet-2,1597341
rodinia-lud-3,1597800
rodinia-needle-2,1600384
squeezenet-0,1600541
pyhpc-eos-1,1601281
onnx-roberta-2,1601449
cupy-1,1601801
onnx-roberta-0,1602017
rodinia-needle-2,1602632
rodinia-srad-1,1602947
pyhpc-isoneural-0,1603424
rodinia-srad-1,1603546
rodinia-srad-1,1603978
rodinia-pathfinder-4,1604906
rodinia-lavamd-2,1605330
rodinia-lavamd-4,1606739
rodinia-lud-2,1608724
rodinia-srad-4,1608911
torch_rnn-0,1609423
pyhpc-isoneural-3,1609944
pyhpc-isoneural-0,1610425
torch_rnn-1,1610478
rodinia-lud-4,1611216
rodinia-lavamd-2,1612574
cupy-1,1618891
pyhpc-eos-2,1620221
rodinia-needle-4,1620886
rodinia-lud-4,1621307
rodinia-srad-0,1621568
torch_rnn-2,1621735
rodinia-lavamd-3,1622967
cupy-1,1623180
torch_rnn-1,1623975
pyhpc-isoneural-0,1624168
rodinia-pathfinder-4,1625033
rodinia-lavamd-2,1629914
rodinia-myocyte-4,1630085
onnx-roberta-3,1630135
rodinia-lud-0,1630189
rodinia-needle-3,1631013
rodinia-needle-2,1631448
rodinia-pathfinder-4,1631597
onnx-roberta-0,1631654
pyhpc-isoneural-3,1631777
rodinia-myocyte-2,1632117
pyhpc-isoneural-0,1632870
rodinia-srad-0,1632884
rodinia-myocyte-2,1633270
pyhpc-isoneural-3,1634705
cupy-1,1635470
rodinia-lud-4,1635689
rodinia-needle-3,1637475
rodinia-srad-1,1638074
squeezenet-1,1638088
pyhpc-isoneural-3,1638526
rodinia-srad-0,1639184
rodinia-srad-2,1639338
squeezenet-1,1641030
rodinia-needle-3,1643142
rodinia-pathfinder-3,1644976
pyhpc-isoneural-0,1645779
torch_rnn-4,1646057
rodinia-srad-0,1646610
onnx-roberta-3,1647083
rodinia-needle-2,1647568
cupy-2,1647754
rodinia-srad-0,1648843
pyhpc-isoneural-1,1649143
squeezenet-2,1649304
rodinia-lud-4,1653719
rodinia-lavamd-4,1654105
cupy-2,1654934
rodinia-myocyte-2,1655236
cupy-1,1656564
pyhpc-eos-1,1656977
onnx-roberta-0,1658654
pyhpc-isoneural-3,1658914
rodinia-lud-1,1660590
pyhpc-eos-0,1660977
rodinia-myocyte-2,1661192
pyhpc-eos-1,1661443
onnx-roberta-3,1662489
pyhpc-isoneural-0,1666020
cupy-1,1666202
pyhpc-isoneural-0,1666841
torch_rnn-1,1667169
rodinia-lavamd-3,1670482
pyhpc-eos-3,1670661
rodinia-myocyte-2,1671107
torch_rnn-0,1671544
rodinia-lavamd-4,1676205
pyhpc-isoneural-3,1677010
rodinia-lud-4,1679105
rodinia-lud-4,1680905
squeezenet-1,1681511
rodinia-needle-2,1681686
rodinia-lud-3,1682648
rodinia-needle-4,1685094
rodinia-needle-2,1688797
pyhpc-isoneural-3,1689200
pyhpc-eos-1,1692772
torch_rnn-0,1693683
rodinia-lud-4,1694169
pyhpc-eos-1,1694722
squeezenet-4,1696909
onnx-roberta-0,1697042
rodinia-srad-1,1697042
torch_rnn-2,1697136
onnx-roberta-2,1698665
rodinia-lud-4,1702385
rodinia-pathfinder-4,1704061
rodinia-needle-4,1704170
rodinia-pathfinder-4,1704424
rodinia-srad-1,1704595
rodinia-lud-4,1704779
pyhpc-isoneural-1,1704954
squeezenet-1,1706695
pyhpc-isoneural-3,1708765
rodinia-srad-0,1710539
rodinia-lud-0,1711246
cupy-4,1711702
rodinia-lud-2,1712895
torch_rnn-1,1713784
rodinia-pathfinder-3,1713791
pyhpc-isoneural-1,1714403
rodinia-srad-0,1715626
rodinia-needle-4,1715813
squeezenet-2,1717745
pyhpc-isoneural-0,1719973
onnx-roberta-2,1723974
pyhpc-eos-1,1724750
rodinia-pathfinder-2,1724886
rodinia-needle-4,1725144
squeezenet-0,1725158
rodinia-srad-0,1725948
squeezenet-0,1726070
rodinia-lavamd-3,1726812
cupy-1,1727725
rodinia-lud-0,1729459
rodinia-lud-4,1729502
rodinia-lud-3,1729564
pyhpc-isoneural-3,1730919
rodinia-srad-3,1734504
rodinia-myocyte-4,1734590
rodinia-myocyte-2,1735239
rodinia-pathfinder-0,1735459
onnx-roberta-0,1735598
onnx-roberta-2,1736964
squeezenet-0,1738946
pyhpc-isoneural-4,1739339
rodinia-lavamd-3,1739795
pyhpc-eos-0,1739948
squeezenet-1,1740800
rodinia-lavamd-1,1742184
rodinia-lud-0,1744352
rodinia-lud-2,1747093
rodinia-srad-1,1748418
rodinia-lud-3,1749645
cupy-1,1749749
rodinia-myocyte-2,1750375
rodinia-srad-0,1750519
pyhpc-eos-1,1752666
rodinia-lud-0,1752701
pyhpc-isoneural-0,1752722
torch_rnn-1,1753433
rodinia-lavamd-4,1754067
rodinia-needle-2,1754537
rodinia-srad-1,1760461
rodinia-lud-1,1763402
rodinia-srad-0,1763553
rodinia-lavamd-2,1765786
rodinia-needle-4,1766106
rodinia-lud-1,1766527
pyhpc-eos-3,1768319
onnx-roberta-2,1773284
pyhpc-isoneural-3,1775304
rodinia-lud-0,1777433
rodinia-lud-0,1778215
rodinia-needle-2,1779035
rodinia-lud-4,1779773
pyhpc-eos-1,1782741
torch_rnn-0,1783192
rodinia-lavamd-2,1783836
rodinia-srad-1,1784328
onnx-roberta-0,1784831
onnx-roberta-0,1785051
torch_rnn-1,1786465
onnx-roberta-0,1787573
cupy-0,1790474
rodinia-lud-1,1790676
rodinia-myocyte-2,1790916
rodinia-myocyte-0,1791085
pyhpc-isoneural-0,1791178
onnx-roberta-1,1793880
squeezenet-1,1794120
pyhpc-isoneural-0,1794847
rodinia-pathfinder-4,1795193
onnx-roberta-2,1795249
rodinia-pathfinder-4,1798606
onnx-roberta-2,1798972
rodinia-pathfinder-4,1799561
